max_displacement: 138.46796
total_mass: 0.000125599996257
frequencies: 0.0, 2.4535, 2.4535, 15.526, 15.526, 43.893, 43.893, 85.356, 85.356, 143.82, 143.82
Wave reach time: 0.0038444660604