max_displacement: 126.94749
total_mass: 0.000127999996185
frequencies: 0.0, 2.576, 2.576, 15.853, 15.853, 44.107, 44.107, 85.88, 85.88, 143.31, 143.31
Wave reach time: 0.00264414539561