max_displacement: 136.82362
total_mass: 0.000126799996221
frequencies: 0.0, 2.4325, 2.4325, 15.34, 15.34, 43.152, 43.152, 84.745, 84.745, 140.15, 140.15
Wave reach time: 0.00266258628108